7.0 + (817.9974365234375, 509.4819641113281)
7.0 + (554.4185180664062, -234.5440216064453)
7.0 + (483.6672668457031, 35.54722595214844)
7.0 + (504.6282043457031, 200.82333374023438)
7.0 + (771.5038452148438, -97.60082244873047)
7.0 + (650.0648803710938, 253.6404571533203)
7.0 + (812.2000732421875, 205.70005798339844)
9.0 + (1094.5675048828125, 271.2020568847656)
9.0 + (980.503662109375, 397.3416442871094)
9.0 + (1067.63037109375, 139.17538452148438)
7.0 + (683.2868041992188, 204.05459594726562)
9.0 + (936.7830200195312, 135.1089630126953)
9.0 + (805.1998901367188, -8.382369041442871)
9.0 + (844.1064453125, 453.32464599609375)
9.0 + (923.7160034179688, 0.49584856629371643)
9.0 + (1070.987548828125, 17.24203109741211)
9.0 + (970.529541015625, 283.39910888671875)